<?xml version="1.0"?>
<opencv_storage>
<calibrationDate>"to. 05. juli 2018 kl. 15.15 +0200"</calibrationDate>
<framesCount>1</framesCount>
<cameraResolution>
  1280 720</cameraResolution>
<cameraMatrix type_id="opencv-matrix">
  <rows>3</rows>
  <cols>3</cols>
  <dt>d</dt>
  <data>
    9.5797575418378278e+02 0. 6.2932627983812790e+02 0.
    9.4015477312649728e+02 3.4365582649187070e+02 0. 0. 1.</data></cameraMatrix>
<cameraMatrix_std_dev type_id="opencv-matrix">
  <rows>4</rows>
  <cols>1</cols>
  <dt>d</dt>
  <data>
    2.0152137152631656e+02 2.5305948364283128e+02 2.3260136291543088e+01
    3.3329170375649056e+01</data></cameraMatrix_std_dev>
<dist_coeffs type_id="opencv-matrix">
  <rows>1</rows>
  <cols>5</cols>
  <dt>d</dt>
  <data>
    -2.6301477493067860e-01 2.6159700803493213e+00
    3.0491649111539011e-03 -1.0399571096158805e-04
    -8.0875470033239569e+00</data></dist_coeffs>
<dist_coeffs_std_dev type_id="opencv-matrix">
  <rows>5</rows>
  <cols>1</cols>
  <dt>d</dt>
  <data>
    1.9049454827761983e-01 3.0593328128577615e+00 3.0607010677415562e-03
    4.5640941530590050e-03 1.3241080404122329e+01</data></dist_coeffs_std_dev>
<avg_reprojection_error>6.6776015460845517e-01</avg_reprojection_error>
</opencv_storage>
