<?xml version="1.0"?>
<opencv_storage>
<calibrationDate>"to. 05. juli 2018 kl. 10.25 +0200"</calibrationDate>
<framesCount>11</framesCount>
<cameraResolution>
  1280 720</cameraResolution>
<cameraMatrix type_id="opencv-matrix">
  <rows>3</rows>
  <cols>3</cols>
  <dt>d</dt>
  <data>
    9.6220683745789142e+02 0. 6.3771528250530548e+02 0.
    9.6220683745789142e+02 3.5969991339671884e+02 0. 0. 1.</data></cameraMatrix>
<cameraMatrix_std_dev type_id="opencv-matrix">
  <rows>4</rows>
  <cols>1</cols>
  <dt>d</dt>
  <data>
    4.0773695276127144e+00 3.7921190190649718e+00 4.4485992334762603e+00
    3.2718142046124750e+00</data></cameraMatrix_std_dev>
<dist_coeffs type_id="opencv-matrix">
  <rows>1</rows>
  <cols>5</cols>
  <dt>d</dt>
  <data>
    -8.3015811872667961e-02 6.1983150642569618e-01
    3.5539696646320913e-03 3.5660935180529928e-04
    -1.4096740610167127e+00</data></dist_coeffs>
<dist_coeffs_std_dev type_id="opencv-matrix">
  <rows>5</rows>
  <cols>1</cols>
  <dt>d</dt>
  <data>
    2.4483471344672630e-02 2.4009185917429018e-01 1.1161113284233668e-03
    1.6185619627250246e-03 6.6226520173241910e-01</data></dist_coeffs_std_dev>
<avg_reprojection_error>6.9112991731118745e-01</avg_reprojection_error>
</opencv_storage>
